2073765461,3342556448953192
2133284971,3342628909973899
1796657832,3342639374761893
2117203980,3342641396117007
1814845290,3342650657518043
1280162181,3342652612167385
1401847403,3342662296782267
1769279711,3342663311546510
2203750174,3342665354575006
1796657832,3342671213723495
1685863193,3342672618131164
1799428270,3342707749809176
2003853357,3342713095064415
1672644014,3342739752812316
1796657832,3342802557620512
1541170281,3342807561599787
2054228733,3342815065203398
2135787674,3342826008595388
1466625252,3342980652459648
1654971935,3342981801816872
1664815051,3342991024783416
1871643394,3343024088156616
1815064943,3343026567765011
2277102205,3343035941677875
2277102205,3343036037812139
1773170677,3343071790267529
1458164532,3343072537463468
1750377931,3343129827418859
1645275375,3343148042881696
2151954131,3343172340306174
1801849885,3343177844993438
1793476147,3343181915990563
1874596062,3343182561940322
1798562301,3343191906547683
1751997761,3343207230827122
1867842330,3343211804795578
1986564231,3343216502194047
2277102205,3343313973588354
1215747665,3343343514646460
1879248881,3343353996095963
1746451111,3343385575135491
1455496511,3343419645505267
1765613125,3343422887513317
1765613125,3343423894233008
2203750174,3343437013978813
1771137825,3343442220039477
1824171145,3343453329117866
1785698970,3343465140687695
1746451111,3343476125288426
1832777217,3343483809911519
1585134555,3343484132885709
2190420110,3343485516358003
1027283741,3343488092463750
1585134555,3343494882791774
1814078797,3343502679559837
1799428270,3343504030698266
2002833641,3343526033190042
2080391881,3343549832512995
1790837937,3343559466534510
1668331654,3343671027020938
1988799674,3343756468258797
1765279224,3343769920062203
1988799674,3343789360075645
1937519907,3343790379645443
1859902330,3343797706699777
1746451111,3343820460896207
1919351837,3343853786839867
1658172727,3343855106598942
2054228733,3343865562378580
2135787674,3343884537561762
1675082145,3343899070574593
2274974004,3344030614534342
1988799674,3344036723461108
1847984871,3344049163495279
2158484201,3344061030072669
1390471270,3344063043432414
1698825935,3344071133742877
1785698970,3344073796943622
2238132807,3344089530464052
1904083657,3344092604779430
1778956637,3344107347199427
2190420110,3344107992795379
1559415490,3344138880093217
1658536162,3344142021365344
2013089252,3344152893673810
1677973552,3344191254499106
1988799674,3344199324089736
1779179981,3344226058991310
1665244307,3344230791521124
1779179981,3344235940724395
2292900853,3344244232638866
2135787674,3344248867742146
1303593721,3344249442391574
2010028437,3344252434273474
2094758530,3344273366429614
1707991852,3344299328686084
1707991852,3344299974614073
1898794641,3344385219925566
1879822123,3344408276190697
1793476147,3344444363484938
1559415490,3344451129212419
1799428270,3344465935318908
1966280154,3344485220686897
1021020380,3344501981430930
1698825935,3344504849609083
1567492262,3344513658379060
1549328284,3344529433020782
1732489023,3344580980782273
1937534771,3344589805501716
1493087435,3344619715089909
1988799674,3344632600507587
1988799674,3344637524092013
2080391881,3344637536322219
1668331654,3344773004759109
1567492262,3344774162118824
1568923670,3344776259011339
1549328284,3344803422008806
1936838761,3344810853636127
1854970515,3344817107587493
2126531470,3344847096792967
1854970515,3344910485722195
1703479077,3344914956431668
1968026621,3344923403502682
1809475074,3344927178482434
2022446000,3344930181689655
1140657725,3344933960606202
2080391881,3344947948419490
1549328284,3344958988033809
1549328284,3344959945786408
1549328284,3344961623799200
1568923670,3344998125092660
1891704841,3345063187714855
1762697464,3345122910470311
2027800025,3345148463566848
2082763621,3345176978478721
1814845290,3345183174042868
1785698970,3345186453537385
1549328284,3345209132842662
1942490665,3345237880054054
2117203980,3345248743412945
1559415490,3345249036696573
1874362533,3345263800449325
2117203980,3345302744608475
1942490665,3345303013540782
1585134555,3345313453417828
1709347927,3345319409013284
1709347927,3345324203389022
1785434835,3345336685084810
1709347927,3345348357972135
1668331654,3345407816125239
1785698970,3345470177158343
2117548490,3345493640379871
2082763621,3345541660750007
1958155443,3345551132892173
1152443263,3345609152579664
1175716264,3345610895973398
2054228733,3345611365847357
2216272852,3345617335037937
1258283613,3345622470036068
2230098451,3345658054378792
1750377931,3345661928647211
1765279224,3345680580685967
1915123205,3345686007422066
1859902330,3345693439719120
1434145857,3345696715584687
1765279224,3345699480361171
1231853081,3345706580672533
1958949991,3345707624828874
2158484201,3345715917825525
1750377931,3345720044873575
2274974004,3345858729662829
1793476147,3345868111496964
1977050833,3345869382400814
2117203980,3345878589479790
1704554705,3345882806501232
1785434835,3345893088690695
2105026752,3345946587455988
1663064833,3345950186024884
1958949991,3345954279763861
1709347927,3345955160637093
1977050833,3345955772709420
1941877925,3345973281587033
1645275375,3345985493409277
1737921423,3345990007061094
1390471270,3346048597084552
1814845290,3346055224232156
1814845290,3346055526236481
1765279224,3346057807478737
1746451111,3346065202769831
1549328284,3346066464667194
2230765811,3346242255979498
1738754160,3346252926691701
2158484201,3346255158633132
2190712687,3346284480561144
1175716264,3346288800184143
1751997761,3346291514759923
1450339002,3346320186698323
2119615077,3346327095026828
1969335801,3346343443660881
2002833641,3346343640798319
2002833641,3346346362974308
2133284971,3346373525747669
2078018995,3346427791932729
1815252012,3346443620598488
1738754160,3346454513190125
1737921423,3346471286789544
1450339002,3346550990561156
1959402930,3346582913187750
2274974004,3346583534666309
2274974004,3346588366762011
2274974004,3346595777813686
1374595727,3346613838605096
1785434835,3346618623489315
1749721257,3346627067211251
1988799674,3346629818803789
1737921423,3346632910229466
1849526072,3346638374564219
2133284971,3346665533566521
1879822123,3346665726180352
1219550061,3346700597944320
1857736580,3346750963813743
2140331227,3346769777968803
1746451111,3346770089127682
1372939245,3346773428582453
1450339002,3346918512810484
1450339002,3346996845382016
1881696883,3347020641256171
2164615041,3347025723513784
1966280154,3347028915184066
1863843324,3347030269325434
2022311401,3347038125737697
1450339002,3347041217062724
1796657832,3347042467087574
1674601152,3347046059157055
1796657832,3347058644338712
1779872241,3347060716195508
1737921423,3347089837027241
2140331227,3347111307762487
1223667307,3347112364759242
1738754160,3347121793594172
1966280154,3347122273379782
1911376613,3347136268118183
1746451111,3347147890859584
1738754160,3347154656090990
2101869521,3347233474922797
1175716264,3347346561863612
1082169274,3347348055080570
1175716264,3347348101219340
1450339002,3347352081927997
1450339002,3347355387532537
1450339002,3347369031187889
2274974004,3347408279089224
1750377931,3347425897771586
1402396511,3347426795391761
1402396511,3347432663215427
1402396511,3347442439937480
1283205737,3347472290338588
1703479077,3347477367579026
1225354184,3347484718746276
2010028437,3347501979758506
2010028437,3347502218869402
1647635300,3347508294507134
1704554705,3347510745554360
1748317514,3347517307750930
1748317514,3347672128497283
1988799674,3347677299545459
1881952220,3347682802370973
1793476147,3347692667784363
1988799674,3347709205897114
1401847403,3347736758420752
1403049993,3347779183628169
1638932675,3347785363780635
1968026621,3347819536780431
1904085465,3347842585244829
1704554705,3347855215372923
2203750174,3347856648604612
1157738631,3347870874893141
1374595727,3347884418838510
2048908353,3347890353385553
1663064833,3348007600947908
1850163997,3348035484874581
1785434835,3348036025838835
1768719470,3348037292300400
1773170677,3348039823600532
2119615077,3348052014672205
2291351783,3348068020288958
1738754160,3348081135985900
2172975214,3348111171579095
1895766455,3348142196820448
1638932675,3348146810098619
1879248881,3348155953688839
1968818725,3348161587020249
1793476147,3348166772056216
2157384317,3348182776223657
1796657832,3348192297866434
2045520627,3348226863054648
1919277554,3348245146121813
1798562301,3348256264503790
1975964334,3348261662875210
1968026621,3348265580079928
1254865212,3348311457347394
1746451111,3348359557558504
1709347927,3348383687392405
2274974004,3348417628403600
1748317514,3348421352610626
1877732101,3348425274670393
1272109920,3348428524416000
1549328284,3348428683803959
1912895073,3348449634792893
1708066260,3348449701518087
1748317514,3348458023378551
1894400967,3348475752248486
1639459230,3348523731709642
1988799674,3348538218730406
1988799674,3348543654471441
1881952220,3348544727773969
1401847403,3348555591193168
1674601152,3348589220750592
1175716264,3348596951389278
2126760967,3348598188612292
1773170677,3348598536913555
1765279224,3348602584355949
1773170677,3348603595576750
1883326774,3348606073530804
1374595727,3348611459747018
2001055111,3348628689469467
1748317514,3348633307100425
1919277554,3348650202567686
1988799674,3348743692868012
1988799674,3348748697476719
2046106691,3348748940408358
1140657725,3348749162326824
1988799674,3348749531431958
1988799674,3348749863174994
1450339002,3348801696653503
1858417192,3348804204945137
1785434835,3348804284296646
1919277554,3348807345936644
1879248881,3348807978904259
1849526072,3348856205334083
1771137825,3348862806948765
1881952220,3348880016497380
2274974004,3348919505956853
1401847403,3348938141018153
1659671710,3348965575926830
1402396511,3348974825011508
1598386753,3348976283700268
1171594067,3348985134491310
1707991852,3349024208006121
1750657791,3349026904958001
1765613125,3349126063001150
1929439203,3349126620869390
1929439203,3349127203987280
1959219297,3349130370838454
2126760967,3349134589905557
1779697105,3349181776018561
1958949991,3349233345144503
1751997761,3349253620493903
1748317514,3349261300056805
1969335801,3349283927578520
2233146160,3349285228246901
1969335801,3349285626324350
2121915173,3349295848384765
2101431102,3349304798719226
1738754160,3349315775447767
1800488147,3349324738609396
1863843324,3349334607511829
1919243167,3349336398275643
2101869521,3349416497126110
1652831930,3349505668206779
1796657832,3349518314508276
1918433011,3349521707604375
1738032162,3349529987288821
1779697105,3349537377512196
1455496511,3349581581154254
2023443021,3349605962044722
1846627321,3349611704975398
1677574732,3349617467088742
1374595727,3349647314493066
1750377931,3349653978665264
2263042417,3349658986425147
2263042417,3349659670118263
1515913313,3349662073668772
1785434835,3349662371338739
1746451111,3349701457909093
1861186782,3349757154709303
2286536570,3349805259300580
2172975214,3349832304347931
2126531470,3349891028353551
2027800025,3349905070444314
1846800457,3349931750631651
1146845843,3349959471326900
2022446000,3349969859784732
1904083657,3349973064711498
1374595727,3349975275360459
1627389792,3349981147070089
1627389792,3349984909050082
2230098451,3350045023783504
2230098451,3350047187800969
1738754160,3350050873773485
2263042417,3350056988276757
1969335801,3350060821711565
1294673684,3350061172133417
2319693701,3350098805550200
2203750174,3350099449400021
2172975214,3350193177667733
2022446000,3350196994156695
1738754160,3350203151659923
2126531470,3350212958372220
1846800457,3350229424474483
2233146160,3350236236524582
1458164532,3350237976989306
1541170281,3350239869071618
1738754160,3350255773548698
1883326774,3350260420831023
1738754160,3350274229857411
1738754160,3350291307190560
1919351837,3350295280782603
2126760967,3350316461217357
1779179981,3350327815233916
2140331227,3350335502565508
1238431285,3350345930493197
1663064833,3350352447852395
1232545961,3350377207247287
1238431285,3350386686178749
1231853081,3350401126525524
1919277554,3350429178965948
1919277554,3350430105947248
1645275375,3350444261204920
2203750174,3350497328849725
1346236833,3350523803316945
1684557335,3350534992604587
1808002570,3350581088215241
1968818725,3350581326948321
1863488122,3350596128863220
2203750174,3350606821782718
1793476147,3350701478141144
1815252012,3350712906568736
1806292864,3350713472604091
1748317514,3350713765805238
1855461447,3350718120400243
1645275375,3350753872456887
1645275375,3350758682695491
1294673684,3350760423944411
1738754160,3350773409419544
1703543022,3350782510847249
1704554705,3350782928113803
1645275375,3350783529686520
1703543022,3350795463163585
1568243012,3350809121185653
1738754160,3350811560693234
2054228733,3350814816924689
2319693701,3350823480838590
1515913313,3350901347914147
1824494065,3350910961807537
2022446000,3350912899132488
2233146160,3350933065462718
1959219297,3350945845420229
2172975214,3350948970331877
1733846585,3350961046090685
1294673684,3350967131681950
1937519907,3350980549415494
1785434835,3350986069365888
1959219297,3350991172817631
1793476147,3350999517715455
1879248881,3351006977039014
1027283741,3351008982426483
1988799674,3351015214561224
1881952220,3351047201195584
1986564231,3351048857392155
1294673684,3351067002490299
1738754160,3351115479709896
1738754160,3351119933768049
1704554705,3351127124627460
1162013057,3351158685848431
1874362533,3351166340458891
1919029273,3351166948036645
1769187480,3351289165748570
1911376613,3351293619909154
2216072000,3351314935506979
1793476147,3351356306037416
2027800025,3351356526484875
1748317514,3351368207184572
1294673684,3351378269947083
1919029273,3351428634705684
1988799674,3351430203561839
1294673684,3351430493486527
1988799674,3351430572668885
1988799674,3351431034213885
1589153251,3351433848698874
1698825935,3351438806012137
2080391881,3351450034011456
1698825935,3351452231877682
1919351837,3351462124057290
1737921423,3351483618207696
1988799674,3351497526519703
1988799674,3351498952665389
1988799674,3351505651083566
1988799674,3351509346203391
2010028437,3351510178512568
1814078797,3351522650081282
1919277554,3351531311954190
2319693701,3351548182829604
1709347927,3351627780723639
2216272852,3351650679024907
1773170677,3351669480640870
2238132807,3351680963883420
2294107447,3351685611282594
2230098451,3351703909039736
1793476147,3351712146702273
1769187480,3351759343210931
1775337053,3351762497397518
1775337053,3351764812443476
1738754160,3351828012416743
1849526072,3351835139069938
1303593721,3351841958866435
1881952220,3351864503272259
1704554705,3351867880770877
2022446000,3351868273408386
1752008417,3351878454718900
1294673684,3351879476820558
1495068935,3351887639892683
1669757903,3351888364709843
1495068935,3351890672398567
1495068935,3351891721161607
1495068935,3351893755907553
1450339002,3352020313200194
1769187480,3352020396629387
1450339002,3352021500145736
1847984871,3352021961140040
2274974004,3352032175470179
1549328284,3352035399329977
2126531470,3352036608103450
2294107447,3352043641508724
1421548232,3352070808396702
1713542643,3352105608573679
2082763621,3352116462694700
2022446000,3352120535610548
1765613125,3352131174583506
1738754160,3352140022842629
1793476147,3352145936852099
2270572954,3352173673940285
1988799674,3352174860178986
1883326774,3352176923665383
1773170677,3352185376048969
1768922790,3352186709538154
2135787674,3352188907194686
1881952220,3352202559110617
1627389792,3352203838408020
1027283741,3352204183177857
1879822123,3352206234297619
1748317514,3352209542975649
1930557713,3352210255867233
1401847403,3352213485730873
2101869521,3352221454876663
1231853081,3352232360113419
1402396511,3352234123021926
1988799674,3352259195385151
1941333093,3352261469102992
1751439387,3352299347633957
1668331654,3352310978242571
1685863193,3352385343090781
2013089252,3352407094918959
1773170677,3352410412890447
1793476147,3352412359884950
1245242010,3352413722374285
1911483923,3352447659151260
2129658012,3352492566349321
1863053963,3352493979860186
1863053963,3352497813114417
1152443263,3352501819068212
2176642195,3352513285979198
1799428270,3352517065598498
1140657725,3352531997279939
2164615041,3352543309356234
2164615041,3352543422505253
2164615041,3352544450154311
1365869347,3352570412793237
1707991852,3352580793068712
2164615041,3352583914166015
1919277554,3352585793311533
1868997993,3352587529843556
2164615041,3352593011916815
1919277554,3352595230444974
1365869347,3352597751335406
1919277554,3352605397699189
1919351837,3352619632811458
1937534771,3352692592354198
2164615041,3352710015994010
1881952220,3352718677347150
1140657725,3352732207674892
1846800457,3352735215718710
1959987274,3352754384748086
1894645075,3352777690620900
1374595727,3352795718591542
1402396511,3352811401086603
2082763621,3352834158641255
2270572954,3352839930116467
1634848963,3352844302648349
1625976555,3352844858912165
2080580083,3352864924141298
1640364264,3352867752375061
1294673684,3352879143236268
2014635013,3352893172245884
2117203980,3352896037732677
1640364264,3352904331093953
1223667307,3352907416700313
1873468715,3352932942778236
1881952220,3352932997472448
1598386753,3352949988366004
2271403050,3352957161129162
1748317514,3352964794830360
1846627321,3352975221310794
1650487642,3353005218950059
1663064833,3353045664899600
1699569917,3353078720113510
1958155443,3353085414128659
2164615041,3353107120333130
2022446000,3353115999215023
2054228733,3353129838354815
1796530822,3353141409512041
1765613125,3353161755069432
2121915173,3353171410307072
1294673684,3353193611017532
1796657832,3353225403769128
2164615041,3353234954475633
1231853081,3353244038827178
2101869521,3353259444157920
1874362533,3353259473687986
1685863193,3353277392059109
1409534691,3353284949986874
1140657725,3353288913854680
1748317514,3353307209704080
1752472364,3353310950426638
1059397152,3353318206872234
1703543022,3353333440936773
2324989241,3353335369381774
1703543022,3353336766790318
1769187480,3353447780849857
1663064833,3353450126057920
2164615041,3353458208654894
2164615041,3353462965226649
2101431102,3353472107922526
2014635013,3353488595969226
1738754160,3353489284008924
1649439457,3353498096724604
1874362533,3353511169508503
1703479077,3353539202412135
1171133237,3353560771364280
1703543022,3353580212491288
1401194680,3353582712500382
1748317514,3353634830365453
1627389792,3353646109156455
1751997761,3353649833974943
1294673684,3353650022727119
2014635013,3353656523315405
1814845290,3353672542013768
2167819120,3353677194519433
1748317514,3353677901586140
1663064833,3353691176813735
2014635013,3353769711270010
1684557335,3353792243218192
1769187480,3353826426841293
2164615041,3353839705563089
1765279224,3353890851158799
2164615041,3353899835501416
1409534691,3353901696912877
2164615041,3353918483368561
1986564231,3353934870379628
1407206202,3353950837813004
1549328284,3353953534492774
1988799674,3353958789896468
2164615041,3353968005226500
1782390283,3353976102071501
1699569917,3353979429987498
1808002570,3354029334301361
1782390283,3354037988368039
1898191447,3354049093082513
2133284971,3354049676582310
1769187480,3354056043774434
2008220623,3354091837811582
1401847403,3354168799508705
1704352934,3354186516132685
1704352934,3354193986191946
1421548232,3354200075471642
1698825935,3354205826157464
1162013057,3354221702247681
1904743291,3354222598843519
2013089252,3354222729634998
2117203980,3354242359023850
2002833641,3354243499931719
1459341765,3354264474929443
1769187480,3354283769022284
1737921423,3354309346448547
1941453792,3354327406440845
2008220623,3354336591736394
1459341765,3354340974885929
2164615041,3354348089186639
2048908353,3354352710739318
1639459230,3354367772750990
1677574732,3354379999203616
1782390283,3354390716660725
1640364264,3354396504852667
1627389792,3354400626939466
1782390283,3354402086139032
1782390283,3354405760196455
1892730703,3354430666629401
1942597005,3354532780266175
2082763621,3354544357040378
1699569917,3354573339218456
1833438195,3354578221942572
2014635013,3354595313140632
2164615041,3354596760806612
1223403972,3354618999035832
1911483923,3354647752038073
1280162181,3354664440251850
1738754160,3354666248068845
1459341765,3354691098442054
1459341765,3354691740184498
1768922790,3354735613044619
1846627321,3354759315530457
1942490665,3354761295090884
1674601152,3354767716271013
1645275375,3354775001383048
1859902330,3354779011879176
1942597005,3354867281029197
1682510430,3354883647092215
2164615041,3354901691051424
1899728943,3354972171870391
1703479077,3354981248661051
1549328284,3354982932027848
1796657832,3354984630190989
2048908353,3355011799195530
1783889415,3355050986651766
1958155443,3355076388795743
1738301931,3355084181074037
1580599872,3355087528012367
1919277554,3355115554294444
2169242743,3355117202198104
1782390283,3355122131987185
1650487642,3355131387817928
1782390283,3355146186957632
1879286404,3355275073631099
1835287005,3355277517076009
1699569917,3355316587171994
1782390283,3355323127369285
1097864517,3355330415908048
2117203980,3355333376982413
1855461447,3355340201326403
2014635013,3355341849091810
1796657832,3355353736426422
2271529852,3355363093676113
2271529852,3355377983661353
1966736454,3355382753942887
1879286404,3355387900689322
1879286404,3355404882532789
1751997761,3355412382832757
1748317514,3355417024322585
1879286404,3355446159537572
1879140067,3355455590200129
1459341765,3355457864123859
1459341765,3355460036016818
1782390283,3355464965162523
1459341765,3355465304540140
1294673684,3355465351057420
1431712220,3355473820497485
1986564231,3355477006566074
1969335801,3355489111593065
1769187480,3355503795348112
1737921423,3355518072916202
1409534691,3355627776153413
1746451111,3355635631304501
1824494065,3355643801881904
1409534691,3355646699895243
2271403050,3355648956529824
1785434835,3355655843355100
1904743291,3355663850071735
1969335801,3355676630159858
2172975214,3355689490313197
1738754160,3355695471550152
1746451111,3355695953921996
1453676514,3355707718124964
1453676514,3355709521907766
1849526072,3355716392069263
1704352934,3355724639991797
1704554705,3355724908639013
1704554705,3355731183334714
1808002570,3355767277688335
1782390283,3355767619137577
1919029273,3355767956762185
1855461447,3355771941633613
1738538984,3355772197492217
1848612681,3355778593696503
2148611854,3355782121540581
1988799674,3355803504242366
1409534691,3355806265683727
1409534691,3355808859737819
2094758530,3355816726278349
1409534691,3355817459795593
1898705470,3355822350879417
1988799674,3355822726208030
2094758530,3355823579676904
1703479077,3355824921085113
1988799674,3355825791875991
1941333093,3355826609788248
1944034705,3355834101473470
1782390283,3355836682191599
1748317514,3355860151639362
1751997761,3355864421975129
1942490665,3355868851120735
1833438195,3355904293080288
1466625252,3355953622489705
1892730703,3355967572310675
1409534691,3355970198137291
1409534691,3355981992190237
2163808763,3355992905716802
1748317514,3355993464192610
1879286404,3355999792612784
1409534691,3356005719464772
1738032162,3356012275322996
1409534691,3356039790416515
1424264720,3356069171456287
2319693701,3356078209641978
2060618441,3356080977485359
1849526072,3356096446581952
1874362533,3356111935938629
1863843324,3356113735331744
1680065684,3356139971164011
1459341765,3356140042351191
1217308363,3356153644244438
2094758530,3356164186695737
2014635013,3356183327274334
1835757331,3356208325588257
1849526072,3356221749065830
1680065684,3356227895878847
1175716264,3356281734076287
1707991852,3356305121752344
1707991852,3356306765929263
1785434835,3356333340726502
1785434835,3356333902572864
1021020380,3356382183327152
2172975214,3356429927592007
1677574732,3356466590146739
1862066452,3356477214192092
2048908353,3356489989879833
1782390283,3356495896533172
2271529852,3356525240224594
1919277554,3356552203548240
1459341765,3356557924674448
1782390283,3356559612089995
1988799674,3356561271629390
1707512303,3356562442281068
2172975214,3356587088396967
1401847403,3356597820762650
1707991852,3356641563073487
2271403050,3356661280969336
1283205737,3356721108762756
2101869521,3356722064966454
1409534691,3356725810319563
1459341765,3356732646896584
1787794865,3356783440012257
1409534691,3356786221040083
1407206202,3356788351193037
1683958685,3356818449828622
2126760967,3356829695334230
2119615077,3356840172196930
1746451111,3356854080533947
1891704841,3356857184439673
2271529852,3356858175362039
1769187480,3356862368919986
1853642343,3356876357955553
1881524903,3356877377436528
1898705470,3356890147502733
1898705470,3356896564824944
1880002505,3356899302998527
1223667307,3356907759577329
1653024587,3356912259341926
1748317514,3356918328627003
2014635013,3356921902287883
1459341765,3356922816475102
1585134555,3356930530385113
2172975214,3356937769320756
2140331227,3356939304712896
2176642195,3356941746757262
2244188932,3356945203439717
1768922790,3356995818706918
1409534691,3357073794785568
1653024587,3357076705791698
1898705470,3357092168011634
1459341765,3357093617226633
1699569917,3357093965753430
1846601440,3357115192403199
1639459230,3357117407625359
1763932903,3357140388068954
1653024587,3357176458855385
2271529852,3357236816967504
1832777217,3357237662685719
2244188932,3357245524231193
2135787674,3357248726774962
1988799674,3357248856803476
1988799674,3357250241363701
1960509192,3357252589704670
1881952220,3357278020180420
1881524903,3357290302507325
1843905301,3357316616208505
1749203001,3357333661755531
1675082145,3357352133060494
1409534691,3357428112457113
1409534691,3357429362372648
1646202770,3357457834024041
1898705470,3357459383518315
1749203001,3357459407073366
1683958685,3357478193312956
2033766213,3357478549320659
2054228733,3357483222102682
1674601152,3357492698894799
2054228733,3357495712848746
2394633200,3357508350197694
1944034705,3357528134489067
1769187480,3357561131156746
1769187480,3357561684639066
1698825935,3357564591354417
2310269934,3357571983547229
1283205737,3357572094868699
2336883284,3357580802462399
1881524903,3357584008679585
1878933050,3357585403799619
2263268613,3357593611844017
2027800025,3357593724634682
2126760967,3357595650069035
1814078797,3357604252517400
1846627321,3357617104312127
2010028437,3357619385663635
1157738631,3357626885330703
1942490665,3357628378695950
2101869521,3357632623133088
2117203980,3357633596255772
1881524903,3357634470115701
1877423225,3357642316102414
1677574732,3357645801867525
1927681784,3357665113719658
2244188932,3357667599384667
1704875484,3357677048996967
1649626875,3357701763579109
2263268613,3357708141001970
1707991852,3357719743263596
1409534691,3357747802945460
1082169274,3357799501908942
1749203001,3357803787892454
2133284971,3357805659436565
1293365374,3357808645193365
2172975214,3357819718360627
2172975214,3357821849546192
2054228733,3357852167221341
1878933050,3357860399124160
1735457933,3357860529152878
1988799674,3357862206683132
2126531470,3357863410891746
1669757903,3357863846346865
2394633200,3357870213735042
1653024587,3357895836525002
1950987561,3357906867920629
2233146160,3357931521855654
1458164532,3357938337753979
1769187480,3357945262440400
2014635013,3357972566965659
1409534691,3358005057661772
2285492013,3358007552212088
1849526072,3358012979072834
1649626875,3358022313227284
1409534691,3358023800235031
1669757903,3358030482254525
2244188932,3358031321285389
1782390283,3358042592903448
1459341765,3358054980832090
1453528880,3358141283339308
1283166621,3358144328013142
2263268613,3358146202882006
1942490665,3358165274353551
1746451111,3358175411717018
1855461447,3358180977995840
1830211800,3358202746557149
1987663443,3358203119994187
1878933050,3358203660953791
1751942113,3358211308867198
1846627321,3358235503997484
1966280154,3358245222155526
1862066452,3358248741330774
1653024587,3358249181751285
1881524903,3358251775492766
1640364264,3358261065292607
2126531470,3358265178240551
1683169612,3358266239879460
1649626875,3358266774288584
1966736454,3358274900795586
1421548232,3358275564059768
1864163061,3358288066742068
1944034705,3358313035499522
1775461357,3358314792742382
1283205737,3358325182235309
2261883665,3358340341029616
2261883665,3358355368666938
2233146160,3358355507208431
2261883665,3358362440523025
1459341765,3358369000319810
1459341765,3358370295966934
2285492013,3358386175934085
1919351837,3358402736796470
1942490665,3358518300783166
1958949991,3358531323792967
2271403050,3358540379741094
1790837937,3358560168051636
1358332434,3358565952214858
1799428270,3358579294478910
1895345213,3358580971528064
1649626875,3358593694895874
1988799674,3358610058913827
2261883665,3358612607317894
1658172727,3358630410427820
1748317514,3358636730513289
1879822123,3358649044980073
2010028437,3358655894638663
1746451111,3358698198119614
1878933050,3358718562284127
1515913313,3358720382057047
1769187480,3358722644795183
1748317514,3358734223377611
1768604922,3358736203228775
1549328284,3358754791859383
1674601152,3358757696344753
1782390283,3358758925450927
2005748593,3358760702176824
1674601152,3358766500423517
1868074054,3358770952990679
1294673684,3358785125833679
2164615041,3358883029216743
1709347927,3358942573298444
2154654224,3358947399187781
2010028437,3358953289761642
1709347927,3358976977477084
2010028437,3358981213031008
2187476784,3358983996013473
1814845290,3359005536629234
1830211800,3359011723207375
1768604922,3359015426527057
1768604922,3359019301954581
1401194680,3359032040025790
1785434835,3359040352656559
1879248881,3359045432436204
2233146160,3359050935313717
1983606845,3359063178269352
1782390283,3359076085944313
1258283613,3359077791317295
1868074054,3359093327171577
1988799674,3359094388779926
1988799674,3359094766286305
1988799674,3359095239871974
1988799674,3359095734958350
1988799674,3359096527589301
1881952220,3359104148899052
1824264454,3359108464406726
2010028437,3359112947913468
1707991852,3359212646392975
1493282601,3359255320052144
1894400967,3359260864432900
1748317514,3359268552562218
1653024587,3359269529917763
1751942113,3359270697585296
1697076427,3359276408580366
1863053963,3359284990342449
2101431102,3359302253741183
2082763621,3359307328473228
2270572954,3359321073820956
2216272852,3359357769964422
1625976555,3359370700300991
1919277554,3359375868322821
1438502082,3359393953723301
1878933050,3359394274725963
1358332434,3359394759694794
2336883284,3359395334074917
1703543022,3359398277934208
1661259965,3359401740473689
1878933050,3359408820545865
1140657725,3359431010842403
2300147394,3359439990810075
1784736497,3359441907336885
1620558631,3359452640582036
1653024587,3359460777516831
1152443263,3359466649463040
1223403972,3359466704214399
1459341765,3359469023912994
1649626875,3359479842670077
1649439457,3359505422823198
2271403050,3359540771422798
2172975214,3359609100811792
1559415490,3359625101978519
1698825935,3359633142246980
1154475272,3359635211934521
2271403050,3359658434446515
1911483923,3359675433128738
2261883665,3359678367151775
1808002570,3359713350145003
2005748593,3359716416288003
1919277554,3359716651177322
1880002505,3359746262373748
2300147394,3359751023803441
1878933050,3359754762122473
1772991762,3359762163746517
2158756975,3359785550539637
2169242743,3359812490676061
2005748593,3359818086278701
1769187480,3359819445293680
1649439457,3359852615145042
1737921423,3359852824559736
1666073985,3359856155574850
1737921423,3359858528846161
1737921423,3359889340331964
1861186782,3359924281849747
1880002505,3359991545303467
2117203980,3359996899297863
1942490665,3360001515910996
1830211800,3360013145954573
1358332434,3360019413879518
1755391515,3360024722475635
1641497710,3360039562575335
1625976555,3360040476572598
1859902330,3360052100776280
2126531470,3360069912295531
2244188932,3360079894078760
1738032162,3360086521443786
2244188932,3360093110568294
2310269934,3360116255096512
1772991762,3360120344811944
1895766455,3360127994822404
1677574732,3360135968571821
2244188932,3360137356530764
1772991762,3360179358684285
1674601152,3360180705113307
1881952220,3360189890518365
2195358983,3360190284663069
1764392680,3360212190888312
2271403050,3360239417002996
2101431102,3360332143783460
2158756975,3360352402890815
1769187480,3360356541996004
1880002505,3360365333185334
2119615077,3360365346413643
2244188932,3360366338061962
1904085465,3360381297526024
1625976555,3360443620405765
1878933050,3360464848067923
1878933050,3360471290336978
1738538984,3360473898558407
1749203001,3360481180720294
1796657832,3360481348498348
1796657832,3360484657517164
1959219297,3360486997657984
1924360471,3360492588942958
2233146160,3360494162260084
1251429823,3360495857855033
1738032162,3360500293642070
1737921423,3360503869160029
1421236151,3360509097435040
1841623623,3360515669839147
1983606845,3360517532388137
2087657187,3360522138176321
1767503735,3360525791285327
1801833150,3360555813896294
1640364264,3360563298548871
2148611854,3360566639741148
1464882762,3360567450718867
1459341765,3360575744665390
1782390283,3360584877914530
2157384317,3360663523906948
1911483923,3360718338866624
1847984871,3360727775998243
2230765811,3360741633798990
1559415490,3360770215641988
1843905301,3360786945541842
1911483923,3360821879144548
1661259965,3360851816037383
1769187480,3360859141726845
2281988951,3360880071669023
1816820125,3360882797662701
1768604922,3360890729271620
2285492013,3360893468256686
1975589845,3360906761477863
1975589845,3360907239616840
1801833150,3360917627425576
2271403050,3360927030818451
1749203001,3360947519954091
1767503735,3360959272033683
2029590725,3360975341095437
1768604922,3361011491081106
1975589845,3361080288423451
1878933050,3361093005354892
1878933050,3361095549856989
1942490665,3361114536782260
2101431102,3361164260264464
1653024587,3361171030395594
1769187480,3361185110269980
2110782555,3361212778109177
1738754160,3361223639207666
1450339002,3361224775890868
1854199325,3361230970530385
1960206311,3361236096098237
1881524903,3361237251658249
1824494065,3361247383233345
1769187480,3361258288799253
1649626875,3361265181711900
2319693701,3361265938815645
1857736580,3361279364920387
1764392680,3361285450752192
1924176085,3361297959985765
1748317514,3361304180415890
2319693701,3361320183269265
2319693701,3361322377154569
1704554705,3361495117486569
2394633200,3361498802656517
2394633200,3361499578776381
1726902551,3361507282960150
1988799674,3361512622400498
1726902551,3361512672493073
1988799674,3361518947976419
1737921423,3361523710048470
1881952220,3361529651788404
2281988951,3361532855881797
1409534691,3361552556174384
1998552461,3361582348690633
2135787674,3361613596488628
1814845290,3361628410989622
1913141341,3361633112077612
1913141341,3361634349432591
1881524903,3361646204491407
1736405550,3361646550497502
1746451111,3361647028904127
1752472364,3361664540333226
1944034705,3361664989439056
2141460180,3361667333975677
1568923670,3361669477057253
1931837963,3361678553853018
2271403050,3361692797472257
1998552461,3361786519347627
1406919872,3361823768398904
1881952220,3361825123433129
1292567337,3361836234129182
2373968490,3361850050381440
2271529852,3361851398158213
1771137825,3361861516976264
1942490665,3361865954664342
1544586565,3361892066506745
1746451111,3361897365666313
1402396511,3361904804333709
1642524037,3361910339546363
2319693701,3361971852644598
1620558631,3361977389268983
1620558631,3361983001134422
1661259965,3361983158184968
2230765811,3361985941719722
1410884171,3361989151407509
2019118162,3361993516278395
1421548232,3362005536743201
1765640227,3362036885482491
1068489184,3362041528372068
2014635013,3362050847951854
1213361700,3362101415000644
1416184771,3362152987691457
2082763621,3362162078903745
1811845325,3362172772725938
2082763621,3362175479948206
2271529852,3362179644784415
2291351783,3362197304861783
1904770574,3362218525813376
1881952220,3362220486790142
1634848963,3362221992825377
1878933050,3362223759660521
1881952220,3362228934561271
1881952220,3362229328839831
1698825935,3362258839537266
1904770574,3362276213651740
1625976555,3362289466232167
2271529852,3362301194806822
1881952220,3362308403451085
1942490665,3362311054810957
1406919872,3362314980697378
2126760967,3362327864966673
1881952220,3362329895307229
1238431285,3362340288538024
2126760967,3362344184882149
1813339900,3362355065179218
1697076427,3362365152512453
1854199325,3362384442527861
2054228733,3362395922556732
2271403050,3362409918512869
2271403050,3362415614851611
1854199325,3362453719530177
2046106691,3362476750503219
2427067322,3362519625025717
1879286404,3362523321059265
1835287005,3362525578046248
1881524903,3362546923146809
1765613125,3362558388796559
1914014564,3362567617093412
1950326272,3362593184176838
2087657187,3362611245584071
1769187480,3362670531784990
1868074054,3362676470851503
1406919872,3362715708336658
1595841714,3362724999150711
1894569130,3362738044551028
2054228733,3362755218734050
2054228733,3362757747683972
2271403050,3362786555723308
1704875484,3362870285205406
1704875484,3362871358963837
2429150720,3362891542205610
1401194680,3362894180118251
1769187480,3362899802253040
1881952220,3362916750065141
1881952220,3362917589109749
1748317514,3362926253929183
1898191447,3362931874176951
2281988951,3362947749485869
1891390015,3363020130630348
1999363863,3363021619897534
1988799674,3363030344500131
1988799674,3363031132904639
1988799674,3363032189276143
1283205737,3363043690078664
1749203001,3363053504981899
1749203001,3363061889534747
1980745515,3363069791094141
1634076150,3363072971197732
1756472603,3363085821916460
2162922470,3363109901539599
1650487642,3363115354297541
1410884171,3363122669498592
2029590725,3363124309504581
2270572954,3363125940600542
1854199325,3363138248749474
1401847403,3363157217224335
1682510430,3363199680733009
2073765461,3363227011097086
1849526072,3363252738276908
1896192034,3363276549808704
1847984871,3363277795326027
1567492262,3363278563560383
1911483923,3363282446914293
1969335801,3363283696888599
2117203980,3363285987472826
1966280154,3363307680371486
1765613125,3363314130782360
1567492262,3363328198702681
1649626875,3363341571759444
1640364264,3363346030507126
1732489023,3363353783755574
1912731580,3363359530149606
1796530822,3363359787426425
2158756975,3363368002421435
2202423075,3363369143728267
2389287551,3363384934355810
1899470742,3363388216749069
1768528867,3363418556827020
1765640227,3363430761401057
2156083632,3363433777811679
2002833641,3363442837228042
1896192034,3363450847936361
2169242743,3363454090939313
1639459230,3363462613016828
1782390283,3363480524632588
1854199325,3363484784410706
1213361700,3363489566203513
2029590725,3363503755542459
1769187480,3363591563091272
1890735923,3363624878307176
1625976555,3363631672710893
1358332434,3363638436273561
1815252012,3363651525097373
1784736497,3363656340327641
1738032162,3363691048089199
1970347273,3363704306175042
1669757903,3363738703551506
1663126811,3363747976943250
1772991762,3363749025542299
1772991762,3363757938376678
1983606845,3363770785573242
1653024587,3363792403024227
1874362533,3363802897359462
1567492262,3363810833071493
1401847403,3363826630425054
2078812675,3363830814969599
1782390283,3363865200529564
1704875484,3363948508656715
1894569130,3363974104179254
1653024587,3364007843889507
1787144785,3364014803583849
1787144785,3364015973637263
1878933050,3364071882614236
1704875484,3364094585511289
1868074054,3364108343418383
1680065684,3364125557080866
1421236151,3364138277956292
1737921423,3364148103007186
2394633200,3364149153954269
1983606845,3364165633268085
1704875484,3364167188931895
1401847403,3364173803276160
2308157465,3364179876542997
1407216214,3364199435304494
1021020380,3364200372055881
1021020380,3364200892216722
1021020380,3364201131322825
1021020380,3364203631182366
1959219297,3364294520276122
1983606845,3364325792623647
2010028437,3364351423689737
1771137825,3364372601115301
1771137825,3364372849008666
1746451111,3364374624277668
1283205737,3364382952467237
1765640227,3364391932978884
1801833150,3364405706883262
1824332375,3364413281380221
2271529852,3364448456169381
1248586721,3364468621781029
1248586721,3364468890225198
2244188932,3364499409324977
2244188932,3364503549058731
1726902551,3364508039125012
1959480071,3364542396742358
2207656073,3364549135265358
1765640227,3364562384665027
1782390283,3364582653647209
1401847403,3364682820671185
2014635013,3364692572157439
2014635013,3364700079502168
1625976555,3364711005618414
1862066452,3364734825913371
1832777217,3364740160997929
1782390283,3364743828205869
1824332375,3364776466334647
1791940533,3364777426583763
1423520463,3364796881726292
2117203980,3364807741128080
1879822123,3364810551285379
1782390283,3364816997694208
1746451111,3364819537234226
1782390283,3364827529496321
1653024587,3364834213673250
1765640227,3364874844170388
1421236151,3364886247977464
1704875484,3364891345777541
1785434835,3364911275914865
1765640227,3364929881780440
1782390283,3364933850692138
1938301350,3364939343962171
1919277554,3364941835596319
2156083632,3364961905235943
1896192034,3365062312725871
1957975793,3365064556572995
1238431285,3365097091205967
1664815051,3365097785738542
1459341765,3365113030203753
2172975214,3365147121449166
1782390283,3365160956100457
1746451111,3365174249578475
1027283741,3365178234820924
1663064833,3365216777890608
1746451111,3365220632032557
1802868327,3365237760669433
1973984004,3365251064486592
1942597005,3365266911114543
1687227015,3365267535832908
2126760967,3365300116413971
1957975793,3365405503148680
1704554705,3365445253612963
1315335423,3365446393435127
1738754160,3365448120904835
1752472364,3365464374032751
1668331654,3365478328344913
1854199325,3365479695728096
2382848512,3365479953505867
1769187480,3365498146484313
1760629890,3365506179166458
1738754160,3365538789560258
1802653523,3365584189008949
1421236151,3365586857653642
1896192034,3365616053320655
1802653523,3365641126765006
1682510430,3365648013576908
1892730703,3365695124136729
1707991852,3365721367887261
1157738631,3365763906598254
2271403050,3365791668405189
2014635013,3365815567301107
1768528867,3365832647215627
1891390015,3365843518352139
2172975214,3365859775826282
1801833150,3365860010550879
1782390283,3365892165668643
1850061774,3365899068099890
2369517615,3365906279200740
2369517615,3365908141916796
2008127333,3365917757312837
2126760967,3365936350679630
1802653523,3365947591892795
2101431102,3365954557920316
1737921423,3365969101860797
1682531984,3365971123086912
1162013057,3365974833308054
1162013057,3365975412139915
1799900362,3365986191863467
1942490665,3365992437474159
1294673684,3365996895833432
2319693701,3366002066917108
2319693701,3366004688175332
1950326272,3366005301163225
2008127333,3366022812630640
1934705731,3366026331305643
1936161520,3366124351912173
2014635013,3366128244016447
1634848963,3366148750575272
1799900362,3366172314204670
2395320493,3366181461451860
1663670674,3366184142500367
1663670674,3366185341690445
1782390283,3366219602353411
1458164532,3366232838110735
1975589845,3366234324388503
2314092997,3366248159658313
1880002505,3366256590013287
1895766455,3366261547784959
1896192034,3366275724824516
1698825935,3366276932288540
1407216214,3366287972271131
1407216214,3366289612300324
1703479077,3366294696742889
2014635013,3366295651377161
1904743291,3366295829978181
2008127333,3366299392784586
1737921423,3366317891985386
1904743291,3366321205384572
1653024587,3366323910599780
1879840275,3366341659174297
2078018995,3366357631476816
1774262543,3366362869292298
1768922790,3366366094808623
1824332375,3366436266222101
2156083632,3366453493381698
1882620264,3366495057106364
1663670674,3366510639613501
1904743291,3366517284642937
1904743291,3366523849140386
2156083632,3366536523609159
1241102653,3366565760992579
1912731580,3366577785870560
1904743291,3366582011312090
1409534691,3366593507757357
1416184771,3366598971242781
1782390283,3366599047876479
1912731580,3366610564241743
2203750174,3366650317413212
2203750174,3366651224091523
2101431102,3366651781542975
1882620264,3366652850831773
1765640227,3366668004957861
1482179581,3366668722978283
2013089252,3366669045455527
1464882762,3366689932844931
1966736454,3366692240274674
1966736454,3366693699950422
1966736454,3366694047921644
1966736454,3366694370895935
1966736454,3366694790342776
1966736454,3366695398279439
1966736454,3366696019493993
1966736454,3366696724166349
1966736454,3366697080697243
1966736454,3366697332365861
1966736454,3366698116470525
1782390283,3366714614370883
1407216214,3366716483363020
2244188932,3366720767399467
2014635013,3366729296535497
1912959280,3366730628271513
1401847403,3366737808405693
1401847403,3366739037425841
1902430150,3366787702688662
1902430150,3366788239562622
1653024587,3366835986825250
2395320493,3366864784754939
2058164221,3366866406174125
1493282601,3366875719291160
1743257802,3366876304739447
1983606845,3366914923898244
1882620264,3366922901100161
1882620264,3366923522800524
1409534691,3366947364357018
2281988951,3366955394405621
1765640227,3366967021292510
2300147394,3366987149389786
1904743291,3366991274454609
1663064833,3366998809853342
1802653523,3366998877526315
1827518581,3367012626440357
1768528867,3367012966021329
2394633200,3367017030198850
2080328773,3367022190592351
1878933050,3367032888656576
1896192034,3367052675362622
1640364264,3367064587008703
1942490665,3367065571059281
1743257802,3367066239547318
2144219983,3367075800444708
1482179581,3367077491271988
1774262543,3367078594253547
1934705731,3367086982570018
1707991852,3367106666747019
2073765461,3367107971205341
1493282601,3367233506779259
2203244910,3367252263629387
1653024587,3367275998481963
1663670674,3367279967138188
1027283741,3367297331743081
1416184771,3367335282412783
2144219983,3367341589574341
1845745645,3367343848025193
1845745645,3367350911197156
2389287551,3367356470456821
1769187480,3367359679174811
1738754160,3367361634056428
1951266983,3367364374648151
1772991762,3367383150832163
1167976955,3367383234720274
1769187480,3367395888705641
2144219983,3367400850433945
1639459230,3367412810373256
2314460475,3367427067275541
2104876575,3367428923792917
1823290393,3367432572558605
2157384317,3367433037655010
1879840275,3367433717830228
2144219983,3367434958743520
1968903701,3367436435190396
1968903701,3367438943468089
2148611854,3367444459438265
1303593721,3367452933321178
1950987561,3367460610847111
1668331654,3367463757411109
1912731580,3367464180580730
1668331654,3367464956842985
1799900362,3367465212702551
1410884171,3367482355063838
2158756975,3367596187652286
1738754160,3367608615907128
1938301350,3367611690179832
2373968490,3367612391091318
1878933050,3367614816710526
1803218153,3367615271663204
1998043361,3367635221965014
2144219983,3367637573589228
2271403050,3367641490950914
1873468715,3367644661061410
2054228733,3367652548739647
2110782555,3367653400282688
1881524903,3367653618412090
1881524903,3367653769424978
1803218153,3367662185098976
2015974687,3367662445755372
1877423225,3367663015592935
1896192034,3367669852913327
2285492013,3367698583629253
1493282601,3367700534049401
1036256265,3367708184465032
1409534691,3367725206819137
1772991762,3367725335240196
2117203980,3367725416556471
1841623623,3367731961544774
1934705731,3367761938170846
1140657725,3367770884932230
1912731580,3367774923532776
1912731580,3367776807116422
2254545212,3367786731067112
1868074054,3367790858600527
1391330265,3367794595099503
1355480224,3367800580555637
1653024587,3367809388324514
1675082145,3367812114448931
1942490665,3367816657843458
1813339900,3367834950514539
1213361700,3367886857033222
1493282601,3367964353196689
1768604922,3367967560003783
2108650970,3367975283653498
1803218153,3367977970257895
2254908154,3367987589277048
1772991762,3368000137546744
1280162181,3368009723184040
1911376613,3368016306083964
1814078797,3368041610689436
1213361700,3368049675664122
1912731580,3368065186272636
1904743291,3368065603727674
1493282601,3368072673869036
1625976555,3368077702759665
1854199325,3368102897849973
1879248881,3368106472447255
1732489023,3368116017541671
1793883764,3368121910078942
1968026621,3368124422566644
1653024587,3368125464909762
1280162181,3368131743517913
1940134092,3368135449117495
1627389792,3368145597102227
1926491817,3368163883097274
1912731580,3368166471095783
2254545212,3368177776459725
2357026377,3368180663752204
1748317514,3368182400243670
2104876575,3368185965497332
1391330265,3368218366409533
1391330265,3368225618397840
1663126811,3368301674086924
1743257802,3368319149384175
1942490665,3368319180917840
1878933050,3368346838271521
2310269934,3368350143806482
1765640227,3368355222321902
2185621012,3368356145824143
1649096824,3368357472799725
1878933050,3368367488690348
1737620993,3368369035139779
1743257802,3368379883024103
1743257802,3368381669753255
1950987561,3368382205021122
1769279711,3368394468967307
1704875484,3368413997538980
1406919872,3368415184253558
1975964334,3368423220758331
1769279711,3368432352115592
1769279711,3368434570802626
1796530822,3368436262940272
1796530822,3368440906006226
1140657725,3368441269083303
2134770291,3368443399191858
2156949102,3368451785829199
1761771805,3368477680004799
2233146160,3368486362090032
1286026603,3368504862822262
2104876575,3368505382930378
1400658301,3368515168407945
1881524903,3368518131608372
2104876575,3368519156852246
1912731580,3368520423570194
1802653523,3368544964787109
2014635013,3368555358188708
1942490665,3368585879976890
1213361700,3368587721286203
1957975793,3368589135327849
1653024587,3368677126761915
1315335423,3368686103332006
2126760967,3368691392054032
1668331654,3368722094406110
1768604922,3368737403181971
1801833150,3368740440464095
1902430150,3368747591954512
1515913313,3368762980153032
2013089252,3368767748922501
2134770291,3368781654911758
1801833150,3368790839358290
2300831121,3368812544658663
1768604922,3368817837718525
1878933050,3368830262868574
1501157943,3368830479151527
1746451111,3368837579988198
2300831121,3368846946169649
1113668717,3368850244833922
1760629890,3368854525224905
1674388467,3368863413226253
1737921423,3368864206868651
1737921423,3368873686392562
1674388467,3368876646496186
2259751580,3368887347687004
1674388467,3368890177419059
1769187480,3368893926395536
2259751580,3368899254945732
1649626875,3368900119102160
2230765811,3368900482343863
1772991762,3368905930724889
2319693701,3368920467920301
1934705731,3368945315621784
1707991852,3368947408418463
2263268613,3368951136928088
2230818804,3368991775244605
1896192034,3369055664844392
1752472364,3369070879853602
1509321015,3369075364169601
2310269934,3369077406871331
1752472364,3369084695666032
1748317514,3369087698861428
1752472364,3369090127964892
1966736454,3369111472249043
1878933050,3369127808932421
1896192034,3369142266762328
2058164221,3369153385850561
1904743291,3369159494776622
2259751580,3369162422416935
2427067322,3369177633471025
2300831121,3369201431994895
1937534771,3369224148139132
1966736454,3369224999605208
2452640244,3369243043792551
1803218153,3369251151041598
2427067322,3369251998009413
2022446000,3369252524910430
1761771805,3369260437548385
1410884171,3369266121239181
1645275375,3369266451764458
1451100472,3369271866803337
1762697464,3369275381408005
1549328284,3369413969446616
1768604922,3369420064506473
1765279224,3369437886130035
1450339002,3369438959367832
1999363863,3369457540487170
1653024587,3369459775595967
2464719004,3369463316422470
1223403972,3369464217783242
1699569917,3369473432317814
2015974687,3369474021629604
1082169274,3369491829233442
1282421943,3369496991977105
1769279711,3369510510285468
1697076427,3369523919660794
1801833150,3369532023256312
1878933050,3369575330812945
2125411981,3369583357053651
1908482071,3369591516574690
1898705470,3369600039278464
1677574732,3369610339186685
1834882965,3369611944814490
1765640227,3369624016698013
1765279224,3369624444720960
1674601152,3369625312448699
1410884171,3369635775245501
1942490665,3369644346821247
2271403050,3369725040872613
1423520463,3369754071026229
1987663443,3369783530311480
1920620503,3369807869239641
2216272852,3369826660501349
1793883764,3369827444679825
2345687754,3369847058673939
1400658301,3369851905568301
1877423225,3369854909097589
2172975214,3369865185215513
1627389792,3369870521731323
1082169274,3369873405418537
1682531984,3369877488432728
1769279711,3369908495214952
1801833150,3369914732531435
1620558631,3369930944839884
2144219983,3369932105392861
2013089252,3369934952676868
1966736454,3369950513575997
1669757903,3369952287486452
2417720403,3369955273888515
1803218153,3369960783013433
2105026752,3369975520645336
2105026752,3369979076547517
1746451111,3369983430336323
1704554705,3369983457214768
1663548003,3369988048424616
1868074054,3369994776690177
1782390283,3369997147063075
1782390283,3370013689699629
1938301350,3370028416219342
1464882762,3370100738847588
1358332434,3370101745135615
2126760967,3370141996523639
2126760967,3370149902455920
2242952075,3370152087408141
1862066452,3370188909613941
1653024587,3370204592374045
1769187480,3370248113923668
2102830554,3370253243823088
1878933050,3370265906163560
1765279224,3370270899532102
1966736454,3370276532313240
1358332434,3370290915223189
1595278911,3370299869880880
1944034705,3370304089164404
1769415562,3370307826866692
1908482071,3370324927092012
2394633200,3370326479039671
2394633200,3370327313735725
2474725192,3370332990020885
2104876575,3370346074835400
1942490665,3370346466034565
1912959280,3370349490570354
1937534771,3370429708806073
1358332434,3370461549704251
1768528867,3370487338799960
1855461447,3370505038756305
1232545961,3370505440749982
1944392665,3370512921321897
1769279711,3370537443998861
1920071063,3370551100605392
2117203980,3370553535093829
2394633200,3370556242798851
1769415562,3370558355968516
1769415562,3370559144518023
1454961095,3370565638215621
1704875484,3370627054636305
1674601152,3370653705157111
1896192034,3370654469425855
2102830554,3370656081305804
1704554705,3370665253837044
1778950755,3370666842287406
1812535141,3370682216284263
1230500391,3370695012794808
1737921423,3370701249437523
1944392665,3370703691049506
1769415562,3370704410783289
2029024841,3370706563363567
1896192034,3370729643091558
2271403050,3370798686246446
1938301350,3370820678617694
1864163061,3370860933993388
1769415562,3370896240996139
1769415562,3370899588295020
1769415562,3370903018782308
1769415562,3370905330205398
2254908154,3370906468266831
2100232684,3370918544003824
1986564231,3370923354967935
1898705470,3370932240509208
1118162894,3370932752998651
1434283647,3370935971550553
1769415562,3370936176861452
1749203001,3370943248432262
1559415490,3370956150395355
1747112264,3370960008840317
2350251855,3370960516405674
1832777217,3370975161006109
1891390015,3370976369580384
2148611854,3370980060226616
1653024587,3371005188278807
2394633200,3371028794246839
2201939701,3371042953329536
2300831121,3371042987209276
1391330265,3371048402155467
1391330265,3371060511371620
1782390283,3371073108511557
1787144785,3371075337580979
1911483923,3371082782355946
1928810167,3371195614182358
2129977212,3371197354839800
2129977212,3371203503581177
2101431102,3371223705154571
1880020710,3371225252169237
1765613125,3371225578141085
1620558631,3371256986603633
1769415562,3371259610479402
1769415562,3371261365420106
1230500391,3371264473750910
1391330265,3371268820731058
2233146160,3371273003281058
1423520463,3371282235005899
1782390283,3371293531784716
2022446000,3371293535663143
1113668717,3371296081617099
1223667307,3371301143035842
1391330265,3371304544263296
1391330265,3371317847937669
1391330265,3371331245192289
1799900362,3371353741107510
2086001370,3371354762360180
1391330265,3371383530977190
1652442151,3371387010182772
2346267354,3371389694659280
1769415562,3371399297441396
1410884171,3371399683806139
1769415562,3371404137751185
1671651304,3371411236591106
1988799674,3371412169665936
1944392665,3371422660017153
1391330265,3371434915302502
1912731580,3371438854301039
1957975793,3371449503434150
2270572954,3371470735447910
1950987561,3371570610187370
1782390283,3371604715748665
1509321015,3371613645391096
1704875484,3371616629767617
1896192034,3371625766009036
2291351783,3371638431472519
1401847403,3371640562214868
1401847403,3371641426492164
1769415562,3371650784028205
1769415562,3371651471916538
1782390283,3371653113775146
2104247905,3371654009552815
1849526072,3371671638415514
2300831121,3371683898450512
2086001370,3371685084904618
2423774421,3371688721087490
1737620993,3371704437550486
2023443021,3371710873443142
1746451111,3371727870842629
2417720403,3371739334089774
1391330265,3371758904783507
2122429617,3371767901781789
1881524903,3371775373087567
1894569130,3371778523446089
1782390283,3371791106117234
2244188932,3371804842761344
1434283647,3371813163932227
2086001370,3371815539872140
2244188932,3371817557690556
1813339900,3371826132160838
1764595140,3371826474545278
1737620993,3371830320751909
1634848963,3371950308019184
2242952075,3371957875883795
1929439203,3371958374799757
1960604745,3371959692261442
1493282601,3372008874486178
1879822123,3372008991836514
1904743291,3372009830920222
1436775172,3372013870044820
2314460475,3372014100760784
1687227015,3372050773403626
1567492262,3372077411964275
2148611854,3372077688993937
1848612681,3372079111543387
1878933050,3372097322101971
1416184771,3372104611595420
1802653523,3372116246847496
1769415562,3372121479104867
1769415562,3372126457682871
1769415562,3372128118614449
2045520627,3372142383286455
1790294177,3372151153757261
1908482071,3372158363586106
1769279711,3372159267539492
2203750174,3372163694519746
1944034705,3372165903068312
2244188932,3372200019690081
1852486794,3372250137633167
1769279711,3372290360864167
1769279711,3372293364236488
1665068851,3372294215497319
1704875484,3372310128756314
1768528867,3372315870929424
2148611854,3372316344700902
1779697105,3372352604471665
2427120443,3372360701233524
1455496511,3372361815193458
1983558323,3372364016433360
1228573334,3372385088694505
1632421661,3372385522750717
1282421943,3372387246798062
1752236061,3372392615635416
1228573334,3372394992126316
1707991852,3372403432653612
1282421943,3372406138020984
2144219983,3372411135420659
1881524903,3372412354155999
1228573334,3372413618821964
1627767934,3372422879828973
1228573334,3372426301973993
1944392665,3372432935489135
1748317514,3372437916563243
1806597490,3372448374650359
1790294177,3372464476454515
1891390015,3372486385736885
2180147104,3372494021138082
1891390015,3372497538662294
1898705470,3372499809470925
1891390015,3372504668628155
1940134092,3372521752239809
1769415562,3372523116916573
1496813592,3372532581760541
2054228733,3372538763999365
1391330265,3372544753198499
1891390015,3372556560251496
1875716904,3372565939330306
1803218153,3372605874650080
1707991852,3372610587871112
1852486794,3372646876524496
1402832531,3372662727048279
2427120443,3372676691552419
1157738631,3372695631220015
1846846951,3372701094021006
1878933050,3372701781974249
2110256174,3372710021522592
2389538703,3372714774271075
1878933050,3372717733023605
2054228733,3372719070632598
1644663677,3372724171242183
1938301350,3372732794598291
1768604922,3372758054626884
1736405550,3372759541603014
1960604745,3372762775231148
1872838597,3372766642532253
1911483923,3372783688018662
1653024587,3372784690578743
2032115397,3372796797801761
1748317514,3372804289018889
2144219983,3372807635401753
1391330265,3372809015858851
1894239050,3372826288399190
1975589845,3372827119730836
1769415562,3372843402754265
1875716904,3372846474739804
2423774421,3372847779528229
1932106591,3372850425913959
2346267354,3372851614813174
1737620993,3372854429535347
2104876575,3372856990312268
1769415562,3372857023323837
2029024841,3372857242179664
2054228733,3372865636050010
1704875484,3372867111214568
2423774421,3372878754234269
1960604745,3372880134457871
1790294177,3372885920288380
2270572954,3372895388905600
1937136374,3372905186998812
1294673684,3372910876234229
1983558323,3372965581057115
1656241395,3373083340372196
1656241395,3373085751965708
2015463765,3373105915803219
1846601440,3373106450697983
1802653523,3373117716634443
2233146160,3373125003943477
1699569917,3373125812058736
1737921423,3373156805118804
1919277554,3373179448639512
1919277554,3373183642600398
1919801555,3373198242599076
1778950755,3373206161905774
2216597937,3373212174049792
2216597937,3373212366392930
1769415562,3373217004098994
1738754160,3373224683394374
1768528867,3373224948406687
1391330265,3373227435503932
2148611854,3373235966733245
1391330265,3373238785401202
1988799674,3373252554908858
1653024587,3373359916517294
1779697105,3373376429692734
2287074850,3373409394288250
1697076427,3373413910072073
1939439341,3373418613812255
1911483923,3373423361606007
1872838597,3373429229179067
1768528867,3373437977332129
1928810167,3373459175173898
1792533173,3373469463624921
1891390015,3373471241641116
1768528867,3373474832675936
2148611854,3373483275558887
1867842330,3373485477363301
1683958685,3373492847146815
1944392665,3373495443485701
1791142861,3373500952042231
1666579880,3373508969723958
1704554705,3373510803709708
1801833150,3373512409140415
1863053963,3373515518132864
1919801555,3373517941127789
1406889474,3373526583337513
1752236061,3373538033706226
2157384317,3373544079807460
1966736454,3373546919730006
1406889474,3373547244550032
1717096365,3373551810113613
1779179981,3373552007248916
2157384317,3373554289534517
2104876575,3373561729976264
1879840275,3373568415364780
1769415562,3373584020196890
1995654813,3373586037724912
1919801555,3373594953190192
1406889474,3373607575182210
1439833107,3373613698935470
1868074054,3373617268635022
1803218153,3373685555786603
1852486794,3373718714655353
1919801555,3373733964994114
1653024587,3373738847010888
2019065545,3373763354236428
1401847403,3373764784225437
1401847403,3373773713675554
1760629890,3373778998659640
1717096365,3373788444022616
1401847403,3373807209706277
1391330265,3373810129343018
1436775172,3373817366092814
1880020710,3373821447106009
1919277554,3373829880010110
1957975793,3373832073400656
1799900362,3373837729420076
1749203001,3373851174990492
2423774421,3373864562850482
1998043361,3373869130066309
1769187480,3373879389135442
1939439341,3373895241933145
1738754160,3373898704821291
1849526072,3373901669377466
1748767217,3373904014115945
1802653523,3373912629761122
1688389594,3373914663849332
1974006985,3373929784216253
1358332434,3373931211473152
1782390283,3373932176761699
1769415562,3373937908562221
2270572954,3373940760778519
1791142861,3373942322797513
1865636644,3373950745090874
1771137825,3373957249934559
1439833107,3373967962771799
2156083632,3373972129997366
1682531984,3373976690436967
1906400207,3373978821474921
1439833107,3373981476411084
1998043361,3373984813458874
1998043361,3373984993697739
1898705470,3373986714585470
2230765811,3373987543530393
1906400207,3373987906519841
1680065684,3373999833101565
1960604745,3374000756325381
1881524903,3374153507840140
1752472364,3374177869075227
1944392665,3374178751290343
1358332434,3374180839943201
1746451111,3374186161200647
2022446000,3374187684742083
2014635013,3374188870376095
1802653523,3374188938120957
2029590725,3374190965446812
1632421661,3374199030923032
2144219983,3374216737200816
1769187480,3374217188199358
1391330265,3374239085210788
1771137825,3374255062218381
2015974687,3374267137920839
1904743291,3374274012321006
2157384317,3374274698686947
1113668717,3374288809957787
1826153292,3374294279233601
1944034705,3374303123278505
1824332375,3374308261614312
2300831121,3374308727404281
1410884171,3374315355928122
1225269860,3374315660324613
1881524903,3374316504945145
1877423225,3374322574059265
2300831121,3374323540900213
2300831121,3374324753077676
2032115397,3374336482614907
1898705470,3374336699822241
1737921423,3374336801016455
1737921423,3374342525754255
1974289075,3374348020884249
2230098451,3374429448809561
1768528867,3374465686348587
1960604745,3374488362481617
1864163061,3374495130481278
1928810167,3374495671352951
1878933050,3374527402794835
1294673684,3374532071306103
1911483923,3374539025307543
1867703403,3374539791402968
1879822123,3374550136248203
2389538703,3374559462709515
1790294177,3374570771893942
2144219983,3374574331403351
2121915173,3374588564283436
1847984871,3374589182843229
1738032162,3374605020479862
1966736454,3374607684505689
1748424034,3374617029584912
1779697105,3374624433292097
2148611854,3374637682299726
1896192034,3374638643677565
1769415562,3374646326435723
2109132317,3374648408214294
1769415562,3374648676941954
2233146160,3374648911994952
1765640227,3374650026173645
1769415562,3374651414521119
1658247077,3374652603202664
1790294177,3374655773826034
2144219983,3374657302841432
1167976955,3374661480436227
1813943331,3374669516868355
1906400207,3374670006989188
1653024587,3374674017692257
1928810167,3374674713756988
1912731580,3374675287705581
1675787731,3374675925605340
2423988744,3374677055569235
1906400207,3374677179725543
1980957971,3374680211907094
1768528867,3374687649048658
1157738631,3374688303169232
1919351837,3374689636997926
2148611854,3374692447268065
1464882762,3374702246045254
1932106591,3374704237495254
1969335801,3374713237677918
1852486794,3374718972167719
1906400207,3374719856970516
2300831121,3374761863186588
1140657725,3374834877595244
1458164532,3374853118530201
1998043361,3374874548820014
1760629890,3374880546532583
1881524903,3374895658954609
2300831121,3374896479085577
2300147394,3374898697400582
1986688232,3374898840009336
1157738631,3374904013837628
2180147104,3374923156287812
1878933050,3374925941648009
1988799674,3374929320356346
1861588034,3374943402547537
1879286404,3374947502830914
1769279711,3374951210384975
2182745232,3374953116280947
1769279711,3374954735652058
1769279711,3374963552156404
1294673684,3374964520905643
1769279711,3374966009754453
2102830554,3374967226005156
1769279711,3374968245402909
1679862190,3374972320336255
1748767217,3374986987766859
2233146160,3374990835809742
1625976555,3374991161564981
1782390283,3374995269325365
1999363863,3374998006107971
1944392665,3374999711094065
1416184771,3375004209893006
1894239050,3375005934006652
1769415562,3375017599513568
2233146160,3375031642233095
1812535141,3375036331697837
1803218153,3375036834525068
1803218153,3375039238036037
1881524903,3375041987491039
1896192034,3375046800699265
2014635013,3375052176176646
1167976955,3375054293819240
2104876575,3375058068894212
2144219983,3375071305626204
1941025424,3375079490599627
1549328284,3375081251096392
2122429617,3375082718216593
1682510430,3375139446907826
1283205737,3375187551395000
2300831121,3375192123256051
1515913313,3375208380470457
1688389594,3375208772002387
1704875484,3375209413600905
2028403671,3375218962246727
1846601440,3375240736779399
1894239050,3375242728951992
2261883665,3375252753137422
1668331654,3375254622632385
2375394842,3375258003074875
1904743291,3375265281781876
1906400207,3375266378703960
1861588034,3375269400353407
1974289075,3375270612779933
1906400207,3375271592316011
1904743291,3375277386749799
1738032162,3375277581611616
1878494035,3375284608911505
2144219983,3375287778316288
1846846951,3375288501210798
1294673684,3375294218004869
1437113311,3375295869066081
1434283647,3375297934382812
1073506942,3375309920068839
1434283647,3375310625714063
1906400207,3375317855620213
1653024587,3375321491470516
1768922790,3375333080591389
1228573334,3375337233261189
1875716904,3375337975883443
1021020380,3375353089631786
1767503735,3375357776960756
1171133237,3375366146541575
2082763621,3375370412183368
1674388467,3375371364065094
1625976555,3375376748230893
1738032162,3375383039373099
1769415562,3375383657826726
1707991852,3375410534770797
1707991852,3375412267100040
1874016425,3375413151218462
1755391515,3375417124058328
1777718657,3375417671907943
1941025424,3375426363609410
1777718657,3375445568182403
1777718657,3375526131948717
1748424034,3375540174184400
2196670031,3375566352916042
1411345420,3375573760375786
1878933050,3375582251449065
1852486794,3375594080096661
1748424034,3375610909317292
2126531470,3375620136564773
2233146160,3375631566115730
2102830554,3375637588529936
1679862190,3375639254456155
1620558631,3375644732178805
1213361700,3375644992260252
1658247077,3375647584417004
1454884142,3375663780841627
1658247077,3375696145609543
1976020861,3375723744237232
2104876575,3375724568897025
1864163061,3375730969282824
1926491817,3375745462446672
2350251855,3375756275348118
1799900362,3375773161753479
1881524903,3375774151381460
1464882762,3375776579753228
2389287551,3375780517672588
2300147394,3375785176928518
2122429617,3375785490977480
2104876575,3375788326466235
1769279711,3375795588580577
1874016425,3375808842217898
1765640227,3375817417933365
1879866432,3375826772686679
2060618441,3375896929877208
2073765461,3375917915266943
1769279711,3375925748825685
1679862190,3375936596693016
1938301350,3375944360298568
2300831121,3375947399971855
1766634383,3375969232788656
1768604922,3375971148128886
2029734007,3375973934334466
1437113311,3375998368832904
1750657791,3375999234836841
1846627321,3375999758685622
1679862190,3376001960718657
2287074850,3376023020622785
1544586565,3376023406546401
1998043361,3376035442030858
1920071063,3376049352097780
1658247077,3376053672260911
1021020380,3376059783338340
1920071063,3376061352365271
1737921423,3376061587112909
1768604922,3376066493080624
1746451111,3376079331325728
1775588337,3376082200574839
1213558482,3376082646529928
1775588337,3376084972855511
1881952220,3376089209410134
1658247077,3376091681331711
2054228733,3376096492337587
1215747665,3376097996192712
1215747665,3376099044792589
2233146160,3376099189030982
2300831121,3376106034281204
1777718657,3376113838174046
1799900362,3376122857609067
2158756975,3376124199743861
1515913313,3376129088501315
1784797941,3376129684323362
2080391881,3376148304482033
1732456032,3376153274393557
1732456032,3376154067504637
1113668717,3376155677890160
1113668717,3376156210219223
1154751854,3376163293375732
1782390283,3376164859459922
1599684811,3376165974632806
1737083194,3376166885352144
2300831121,3376176905227295
2109132317,3376278633611004
1401847403,3376300250093234
1966704867,3376314711535179
1881524903,3376319308300362
1765640227,3376326396416331
1881524903,3376327781332408
1881524903,3376331673295826
1775461357,3376333611332042
2117548490,3376362912865354
2346267354,3376367968407758
1750377931,3376371778944870
2423774421,3376375574577838
2447804683,3376420208574683
1653024587,3376420420138518
1743257802,3376429335492205
2300831121,3376467841875243
1228573334,3376478012817613
1118162894,3376482978350111
2203117113,3376483223937884
1960604745,3376486786945948
1746451111,3376494932063245
1960604745,3376500729439040
1263217857,3376501475566741
2259751580,3376505364896379
1303593721,3376520489421834
1746451111,3376535986585951
1928810167,3376556320538648
2230765811,3376648481713735
1928810167,3376651174495195
2254545212,3376657530791320
2073765461,3376659757877981
1746451111,3376663585874372
1094222630,3376672434948228
1898705470,3376676068897408
1846601440,3376684919294848
1738754160,3376701044744277
1904083657,3376703523055487
1980957971,3376705532525070
1824494065,3376713409282450
1228573334,3376714973674195
2482865720,3376722074944270
1118162894,3376754635042662
1894239050,3376775296761819
1664106473,3376782246860946
1765640227,3376784158625440
1878494035,3376793528941638
1777718657,3376799233387640
1815252012,3376799708880007
2022446000,3376808383075238
1679862190,3376827062630889
1640364264,3376828997576772
1907285935,3376842738217062
1974006985,3376849804342514
1094222630,3376858053937460
1881524903,3376865056410521
1688389594,3376880604918868
1745564064,3376883309817664
1748767217,3377009808602242
1493282601,3377010057519174
1751681134,3377011718668508
1929439203,3377019876752616
1983558323,3377024887130775
1797236077,3377031287298060
1717096365,3377031845572342
1241936467,3377054356345302
2454883592,3377057155397137
1983558323,3377069835061455
1748767217,3377077080457412
1751997761,3377083460525335
1737457944,3377091840163848
1854951781,3377099614660514
1679695903,3377116739889714
1809168084,3377116750604580
1391330265,3377120974353407
1809168084,3377128058889184
1988799674,3377143183103853
1988799674,3377147939541168
1824264454,3377148406929044
2474725192,3377150994903642
2032665531,3377152444314915
1896192034,3377159641626744
1986688232,3377167060730577
1969425820,3377189636672636
1288551334,3377195034746253
2271403050,3377227179992571
2350251855,3377228350188187
1906400207,3377240923296078
1931837963,3377241235158211
1906400207,3377242315124176
1881952220,3377244022744808
1733846585,3377251241036095
2314092997,3377292737076232
1073506942,3377319943577844
1482179581,3377377793047600
1482179581,3377379798111141
1153660773,3377399624250994
1223403972,3377406545197730
1758841773,3377409634691932
1458164532,3377411733529962
1223403972,3377416066113276
1878933050,3377421186006019
1878933050,3377423450976917
1263217857,3377436008205460
2028403671,3377438115643868
2148611854,3377443816075910
2287074850,3377444860373855
1855461447,3377464132878925
1939890910,3377465582388956
1595841714,3377476936606141
2294107447,3377486828377714
2057280881,3377504555443897
1894239050,3377510369475101
1894239050,3377510872801472
1280098701,3377517316866969
1809168084,3377520810670194
1898705470,3377521376435948
2263268613,3377524849693776
1704554705,3377528268358945
1906400207,3377538994840745
1809475074,3377559983553495
1768922790,3377563965779391
2271403050,3377566258440901
2238604223,3377584378194929
2271403050,3377586219278419
1666579880,3377599457863686
2238604223,3377601727274533
2073765461,3377604185089380
2238604223,3377608366775579
1094222630,3377611103785751
1780534701,3377695413272587
1679862190,3377744262172978
1768528867,3377749545387300
1765640227,3377758793973646
2050003197,3377768614580963
1791142861,3377772795885577
1796530822,3377779351493867
2287074850,3377798310046587
1944392665,3377817287429090
1282421943,3377830165910858
1157738631,3377836046127554
1878494035,3377838527085390
1864271500,3377839019741445
1852766964,3377856145338739
2447804683,3377862062705129
1797018277,3377875954998298
1785434835,3377881250952242
1920071063,3377882141685781
1674388467,3377884599613966
1974289075,3377904727624340
2094758530,3377906632096064
1680065684,3377907695194728
1809168084,3377908245520012
1881524903,3377910667061352
1896192034,3377910996275586
1891390015,3377917300729249
1113668717,3377923651257067
1769415562,3377928186806997
1769415562,3377929134630582
2100574987,3377931755838976
1073506942,3377931793790945
1944392665,3377932534067639
1782390283,3377932992856343
1073506942,3377945735422463
1073506942,3377952265961310
1782390283,3377952863925612
1406889474,3377961070136153
1782390283,3377965159643256
1409534691,3377981834369976
1883062214,3377987334804203
1891390015,3378102064005804
1769187480,3378104357719082
2196670031,3378113744811341
2005748593,3378115894072035
2454883592,3378118070922713
1764122593,3378120839255653
2413959724,3378121887971439
2295988195,3378134173345111
1878494035,3378141513184870
1743365861,3378141735517377
1653024587,3378149228800116
2176642195,3378153878002512
1988799674,3378158405672924
2287074850,3378168755036040
1879248881,3378169459531219
1803407987,3378176164988574
1803407987,3378181802227580
1803407987,3378182452354896
1225269860,3378191601542008
1241936467,3378200587543179
2395320493,3378210692317064
1898705470,3378220783471475
2375394842,3378221313932476
1748767217,3378226074353578
1679862190,3378228517476659
1778755323,3378257317684896
1988799674,3378261801752400
1756373117,3378281162735297
1864271500,3378284744478903
1647704780,3378302544921684
1073506942,3378304772006943
1854951781,3378309297777939
1699569917,3378316826879451
1803407987,3378318632873313
1769279711,3378318725150214
1073506942,3378322187106273
1073506942,3378322451406305
1919277554,3378327866091684
2102830554,3378333834678372
1391330265,3378339553832081
1823290393,3378344630602507
1988799674,3378384245973113
2128997585,3378385386612513
1988799674,3378385659246360
1629644533,3378388614256163
2238604223,3378391542560266
1752236061,3378454231871553
1920071063,3378454489996366
1157738631,3378459348984986
2458329583,3378464000241335
1769187480,3378464569602728
1157738631,3378466697263901
1854951781,3378474348045068
1824332375,3378479425839526
2096544101,3378479477165936
1682510430,3378481360885565
1709263885,3378486347723032
2447804683,3378493800514009
1649667865,3378504969155380
1668331654,3378507407634683
1988799674,3378507961102690
1659671710,3378508653265242
1878933050,3378509391127052
1666536732,3378512964871053
1659671710,3378513199207752
1666536732,3378518193788358
2117203980,3378520095037494
1988799674,3378528378890973
1988799674,3378529251571639
2144219983,3378541966814631
1094222630,3378541987786467
1094222630,3378542701053530
1772991762,3378546498437318
1992047352,3378550646656471
1666536732,3378555830734031
1988799674,3378571714632078
1978166117,3378573822030360
1988799674,3378575728596853
1664903195,3378576151875365
1629644533,3378576672180622
1942314017,3378578664328742
1748767217,3378583066665203
1157738631,3378586709040953
1988799674,3378591855365766
1629644533,3378594368046856
1880092287,3378599476338985
1861588034,3378612759936677
1830211800,3378618191412218
1988799674,3378619106167820
1629644533,3378622981364241
1988799674,3378623992050174
1812535141,3378625589820428
1898705470,3378635356657431
1852766964,3378640114943262
2125411981,3378648035948465
1073506942,3378662206847737
1073506942,3378662785327721
1980957971,3378665677910750
2104876575,3378666174374518
1864271500,3378669588782796
1988799674,3378669894544082
1745564064,3378673071970114
1674601152,3378674003520380
1878494035,3378678013595159
1765606635,3378679470251902
2102830554,3378680489662787
1765279224,3378682958536899
1974289075,3378687875925637
2238604223,3378692320178852
1974289075,3378697140715380
1688389594,3378697597844274
1988799674,3378699744048902
1781930884,3378700217752752
1845767150,3378701177846871
2238604223,3378701874535370
1988799674,3378702853531978
1897969232,3378703914968062
1652303660,3378703998866991
1974289075,3378704225393963
1688389594,3378705525170671
1881954534,3378706183894016
1407216214,3378706421240559
1796657832,3378707008129366
1973686927,3378709325166770
1879840275,3378710699493180
1629644533,3378711821190701
1988799674,3378715897901676
2104876575,3378774322926782
1280098701,3378808394254134
1053988812,3378846672192965
2057280881,3378848188724631
1801833150,3378853433069291
1769187480,3378856539352224
1802430535,3378858347120775
1223667307,3378861949689446
1912679073,3378862994630062
1780534701,3378863229515266
1780534701,3378865036859796
1988799674,3378866859213906
1649667865,3378887560831879
1801833150,3378892561729267
2176339617,3378895733122031
1926491817,3378897242648924
2158756975,3378912787022870
1679862190,3378942182836963
2100232684,3378948157498415
2100232684,3378968428793027
1849526072,3378976655963615
2161774890,3378981615481359
1894239050,3379000168910248
2104876575,3379002154943703
1944034705,3379008488047625
1988799674,3379010430283684
